{
    "data": [
        [-9.97778E-01, 6.66300E-02],
        [-9.88538E-01, 5.28439E-02],
        [-9.62625E-01, -1.83183E-01],
        [-9.46947E-01, -2.09519E-01],
        [-9.58783E-01, 4.41580E-02],
        [-9.49728E-01, -6.21129E-03],
        [-9.36181E-01, 8.12353E-02],
        [-9.29097E-01, -3.20086E-02],
        [-9.19471E-01, -1.52806E-02],
        [-9.07756E-01, -5.70676E-02],
        [-8.96401E-01, -7.45751E-02],
        [-8.89346E-01, -1.34174E-02],
        [-8.47234E-01, -2.35657E-01],
        [-8.60447E-01, -1.24078E-01],
        [-8.58090E-01, -4.55230E-02],
        [-8.47418E-01, -5.56994E-02],
        [-8.09118E-01, -2.22662E-01],
        [-8.26907E-01, -6.08905E-02],
        [-7.86776E-01, -2.27816E-01],
        [-7.41254E-01, -3.24185E-01],
        [-7.80235E-01, -1.72125E-01],
        [-7.11365E-01, -3.41165E-01],
        [-7.44381E-01, -2.29288E-01],
        [-7.58912E-01, -1.23184E-01],
        [-6.54358E-01, -3.84167E-01],
        [-7.26263E-01, -1.82098E-01],
        [-6.20779E-01, -4.00377E-01],
        [-6.68935E-01, -2.88872E-01],
        [-6.38124E-01, -3.30414E-01],
        [-6.33597E-01, -3.17155E-01],
        [-6.55101E-01, -2.42353E-01],
        [-5.45117E-01, -4.20477E-01],
        [-5.50314E-01, -3.96700E-01],
        [-5.41100E-01, -3.92290E-01],
        [-6.06565E-01, -2.55785E-01],
        [-5.14339E-01, -3.94553E-01],
        [-5.03585E-01, -3.92033E-01],
        [-5.83352E-01, -2.32940E-01],
        [-5.23086E-01, -3.29267E-01],
        [-4.74208E-01, -3.80578E-01],
        [-4.36398E-01, -4.08838E-01],
        [-4.04479E-01, -4.26696E-01],
        [-4.73424E-01, -3.31400E-01],
        [-4.22104E-01, -3.79828E-01],
        [-4.55195E-01, -3.22375E-01],
        [-4.31821E-01, -3.36970E-01],
        [-4.01969E-01, -3.57114E-01],
        [-4.44691E-01, -2.83993E-01],
        [-3.72988E-01, -3.58856E-01],
        [-3.51020E-01, -3.66578E-01],
        [-3.41523E-01, -3.61740E-01],
        [-3.29829E-01, -3.58898E-01],
        [-3.01184E-01, -3.70387E-01],
        [-3.65259E-01, -2.91529E-01],
        [-3.33254E-01, -3.13134E-01],
        [-3.40310E-01, -2.90189E-01],
        [-3.09378E-01, -3.08896E-01],
        [-2.68722E-01, -3.32014E-01],
        [-2.29540E-01, -3.48241E-01],
        [-2.24869E-01, -3.39281E-01],
        [-2.37357E-01, -3.18211E-01],
        [-2.76271E-01, -2.70911E-01],
        [-1.99964E-01, -3.19463E-01],
        [-1.76316E-01, -3.21683E-01],
        [-2.46582E-01, -2.57861E-01],
        [-1.92492E-01, -2.88394E-01],
        [-1.31221E-01, -3.10059E-01],
        [-2.11706E-01, -2.48736E-01],
        [-1.60961E-01, -2.72610E-01],
        [-1.95992E-01, -2.35690E-01],
        [-1.71819E-01, -2.41620E-01],
        [-1.82228E-01, -2.20989E-01],
        [-1.38968E-01, -2.38903E-01],
        [-7.51051E-02, -2.55523E-01],
        [-8.91185E-02, -2.40287E-01],
        [-1.24783E-01, -2.12271E-01],
        [-7.30674E-02, -2.24594E-01],
        [-9.69433E-02, -2.04297E-01],
        [-7.26089E-02, -2.03516E-01],
        [-1.09924E-01, -1.74256E-01],
        [-4.85611E-02, -1.89868E-01],
        [-8.81814E-02, -1.63688E-01],
        [-7.77695E-02, -1.57751E-01],
        [-4.11848E-02, -1.60634E-01],
        [-6.12935E-02, -1.43214E-01],
        [-3.75014E-02, -1.40821E-01],
        [-2.57836E-02, -1.33206E-01],
        [-3.00766E-02, -1.21975E-01],
        [-1.15264E-02, -1.15002E-01],
        [-2.92749E-02, -1.01386E-01],
        [-2.88785E-02, -9.10053E-02],
        [-2.51688E-02, -8.16353E-02],
        [-1.79373E-02, -7.32115E-02],
        [-1.30733E-02, -6.40051E-02],
        [-4.79871E-03, -5.50677E-02],
        [1.70957E-04, -4.52258E-02],
        [1.67434E-03, -3.51360E-02],
        [-4.41367E-03, -2.47349E-02],
        [-2.86577E-03, -1.48005E-02],
        [1.55420E-04, -5.02272E-03],
        [7.47324E-04, 4.96924E-03],
        [3.47710E-03, 1.46689E-02],
        [-1.74148E-03, 2.50652E-02],
        [-2.36405E-03, 3.50964E-02],
        [-4.30002E-03, 4.50212E-02],
        [-9.87451E-03, 5.43872E-02],
        [-1.43906E-02, 6.37219E-02],
        [-1.39142E-03, 7.53640E-02],
        [8.80468E-03, 8.49722E-02],
        [-2.14484E-02, 9.30371E-02],
        [-1.16750E-02, 1.04880E-01],
        [3.58549E-04, 1.15577E-01],
        [-1.34352E-02, 1.24908E-01],
        [4.93450E-03, 1.35589E-01],
        [6.53066E-03, 1.45582E-01],
        [-3.63619E-02, 1.51476E-01],
        [-1.24681E-02, 1.65360E-01],
        [-2.20623E-03, 1.75866E-01],
        [-2.11421E-03, 1.85918E-01],
        [-3.68539E-02, 1.92484E-01],
        [-1.84234E-02, 2.05205E-01],
        [-2.44385E-02, 2.14694E-01],
        [-6.98701E-02, 2.15066E-01],
        [-1.05668E-01, 2.11224E-01],
        [-3.54254E-02, 2.43669E-01],
        [-6.59855E-02, 2.47641E-01],
        [-6.15308E-02, 2.59126E-01],
        [-5.63534E-02, 2.70576E-01],
        [-4.89253E-02, 2.82223E-01],
        [-5.18533E-02, 2.91913E-01],
        [-1.33528E-01, 2.75921E-01],
        [-1.06897E-01, 2.97989E-01],
        [-7.20399E-02, 3.18590E-01],
        [-1.16864E-01, 3.15751E-01],
        [-1.67969E-01, 3.03333E-01],
        [-1.32195E-01, 3.31390E-01],
        [-2.18967E-01, 2.94314E-01],
        [-1.98528E-01, 3.20357E-01],
        [-1.38637E-01, 3.61245E-01],
        [-2.41929E-01, 3.14750E-01],
        [-2.10669E-01, 3.48276E-01],
        [-2.80874E-01, 3.08335E-01],
        [-1.61870E-01, 3.95276E-01],
        [-2.85078E-01, 3.31455E-01],
        [-2.26735E-01, 3.85501E-01],
        [-3.10806E-01, 3.35426E-01],
        [-2.65934E-01, 3.84295E-01],
        [-2.15234E-01, 4.26113E-01],
        [-3.20181E-01, 3.67532E-01],
        [-2.86703E-01, 4.06565E-01],
        [-3.87115E-01, 3.28232E-01],
        [-3.05060E-01, 4.18134E-01],
        [-3.86196E-01, 3.59520E-01],
        [-3.67507E-01, 3.92489E-01],
        [-4.17961E-01, 3.54014E-01],
        [-3.33015E-01, 4.47470E-01],
        [-3.79662E-01, 4.22254E-01],
        [-4.75587E-01, 3.28289E-01],
        [-3.49653E-01, 4.72669E-01],
        [-4.79916E-01, 3.56753E-01],
        [-3.92501E-01, 4.64388E-01],
        [-5.30068E-01, 3.17905E-01],
        [-4.00632E-01, 4.83792E-01],
        [-5.31850E-01, 3.52737E-01],
        [-5.00155E-01, 4.12386E-01],
        [-5.72657E-01, 3.24672E-01],
        [-5.07443E-01, 4.34951E-01],
        [-4.71142E-01, 4.88099E-01],
        [-4.99726E-01, 4.73525E-01],
        [-5.78013E-01, 3.92164E-01],
        [-5.09022E-01, 4.92879E-01],
        [-6.59196E-01, 2.86072E-01],
        [-6.49143E-01, 3.30959E-01],
        [-6.35940E-01, 3.75831E-01],
        [-6.86308E-01, 2.99330E-01],
        [-6.46157E-01, 3.97806E-01],
        [-7.32808E-01, 2.32624E-01],
        [-6.81536E-01, 3.77074E-01],
        [-7.13643E-01, 3.36374E-01],
        [-6.77188E-01, 4.24040E-01],
        [-7.84635E-01, 1.97238E-01],
        [-7.86730E-01, 2.27976E-01],
        [-7.79605E-01, 2.82310E-01],
        [-7.43250E-01, 3.89652E-01],
        [-7.86747E-01, 3.19764E-01],
        [-7.81615E-01, 3.57026E-01],
        [-7.99238E-01, 3.42027E-01],
        [-8.30925E-01, 2.87929E-01],
        [-8.81427E-01, 1.19177E-01],
        [-8.69116E-01, 2.31803E-01],
        [-8.91961E-01, 1.77996E-01],
        [-8.29434E-01, 3.97114E-01],
        [-8.83328E-01, 2.89788E-01],
        [-8.91203E-01, 2.97978E-01],
        [-9.17230E-01, 2.46399E-01],
        [-9.54828E-01, 9.75566E-02],
        [-9.30192E-01, 2.74501E-01],
        [-9.24565E-01, 3.24626E-01],
        [-9.88362E-01, 5.60411E-02],
        [-9.92883E-01, 1.19095E-01],
        [3.68475E-01, -9.29637E-01],
        [5.79377E-01, -8.02697E-01],
        [5.24606E-01, -8.27642E-01],
        [3.75205E-01, -8.94331E-01],
        [5.54473E-01, -7.83437E-01],
        [6.68952E-01, -6.74185E-01],
        [4.56308E-01, -8.21472E-01],
        [6.26763E-01, -6.86596E-01],
        [5.41521E-01, -7.43247E-01],
        [6.76079E-01, -6.08436E-01],
        [6.24383E-01, -6.47488E-01],
        [4.22475E-01, -7.82708E-01],
        [6.48347E-01, -5.94126E-01],
        [4.40052E-01, -7.49745E-01],
        [6.42948E-01, -5.70095E-01],
        [4.91822E-01, -6.92337E-01],
        [6.64818E-01, -5.12121E-01],
        [6.33082E-01, -5.35435E-01],
        [6.60598E-01, -4.84280E-01],
        [5.52072E-01, -5.91414E-01],
        [5.69898E-01, -5.60009E-01],
        [5.71409E-01, -5.43990E-01],
        [5.09449E-01, -5.89185E-01],
        [5.43203E-01, -5.44107E-01],
        [5.63219E-01, -5.08481E-01],
        [6.67120E-01, -3.39954E-01],
        [4.95277E-01, -5.48059E-01],
        [4.97188E-01, -5.32659E-01],
        [6.28387E-01, -3.48576E-01],
        [5.32575E-01, -4.67329E-01],
        [5.45382E-01, -4.36406E-01],
        [6.31908E-01, -2.73212E-01],
        [6.07916E-01, -3.01088E-01],
        [5.63000E-01, -3.60154E-01],
        [5.16431E-01, -4.08224E-01],
        [4.95962E-01, -4.17419E-01],
        [5.20515E-01, -3.69259E-01],
        [5.22730E-01, -3.48302E-01],
        [5.53137E-01, -2.75818E-01],
        [5.62630E-01, -2.30566E-01],
        [5.36118E-01, -2.64895E-01],
        [5.29192E-01, -2.56181E-01],
        [5.41389E-01, -2.02124E-01],
        [5.12501E-01, -2.44508E-01],
        [4.92374E-01, -2.62100E-01],
        [5.01360E-01, -2.20580E-01],
        [5.24243E-01, -1.19493E-01],
        [4.96876E-01, -1.77528E-01],
        [4.96362E-01, -1.46702E-01],
        [4.53545E-01, -2.27798E-01],
        [4.81863E-01, -1.23700E-01],
        [4.83162E-01, -6.44149E-02],
        [4.36696E-01, -1.92860E-01],
        [4.27071E-01, -1.89774E-01],
        [4.23118E-01, -1.73441E-01],
        [4.40113E-01, -7.95030E-02],
        [4.10198E-01, -1.51226E-01],
        [4.21113E-01, -7.14781E-02],
        [3.96411E-01, -1.29686E-01],
        [4.03716E-01, -5.18774E-02],
        [3.96918E-01, 7.29091E-03],
        [3.76150E-01, -9.07181E-02],
        [3.62704E-01, -1.02411E-01],
        [3.52748E-01, -1.00678E-01],
        [3.55811E-01, -2.63354E-02],
        [3.43887E-01, 4.43394E-02],
        [3.36640E-01, 5.43268E-03],
        [3.25598E-01, 2.59899E-02],
        [3.15459E-01, -2.66577E-02],
        [3.02650E-01, 4.86357E-02],
        [2.91695E-01, 5.30622E-02],
        [2.82919E-01, 4.47222E-02],
        [2.74120E-01, 3.52908E-02],
        [2.66318E-01, -2.66243E-03],
        [2.53574E-01, 3.71526E-02],
        [2.44813E-01, -2.63889E-02],
        [2.35891E-01, -1.16986E-02],
        [2.16988E-01, 6.36481E-02],
        [2.15792E-01, 1.11628E-02],
        [2.05936E-01, -6.22585E-03],
        [1.90263E-01, 4.69886E-02],
        [1.84417E-01, 2.36710E-02],
        [1.67266E-01, 5.43645E-02],
        [1.55542E-01, 5.74987E-02],
        [1.45295E-01, 5.61827E-02],
        [1.42296E-01, 3.14432E-02],
        [1.22220E-01, 5.89137E-02],
        [1.15605E-01, 4.91735E-02],
        [1.11423E-01, 3.07102E-02],
        [9.56989E-02, 4.44725E-02],
        [8.86807E-02, 3.53788E-02],
        [8.27163E-02, 2.13497E-02],
        [7.23033E-02, 2.13051E-02],
        [6.30027E-02, 1.72691E-02],
        [5.31766E-02, 1.50906E-02],
        [4.31653E-02, 1.34967E-02],
        [3.18059E-02, 1.50242E-02],
        [2.40034E-02, 7.42508E-03],
        [1.44608E-02, 4.26067E-03],
        [4.84041E-03, 1.34993E-03],
        [-4.22638E-03, -2.71838E-03],
        [-1.39438E-02, -5.73035E-03],
        [-2.00075E-02, -1.51986E-02],
        [-2.88357E-02, -2.01456E-02],
        [-4.12801E-02, -1.84757E-02],
        [-5.04645E-02, -2.25569E-02],
        [-5.76830E-02, -3.06634E-02],
        [-6.66637E-02, -3.51798E-02],
        [-6.80289E-02, -5.16707E-02],
        [-7.55051E-02, -5.84372E-02],
        [-7.77490E-02, -7.13525E-02],
        [-1.02770E-01, -5.28819E-02],
        [-9.36811E-02, -8.37035E-02],
        [-9.57952E-02, -9.60828E-02],
        [-1.21591E-01, -8.03279E-02],
        [-1.37011E-01, -7.41291E-02],
        [-1.14462E-01, -1.19991E-01],
        [-1.48354E-01, -9.44703E-02],
        [-1.21288E-01, -1.40922E-01],
        [-1.43940E-01, -1.33001E-01],
        [-1.70521E-01, -1.15633E-01],
        [-1.25314E-01, -1.76032E-01],
        [-1.27495E-01, -1.86762E-01],
        [-1.28740E-01, -1.98009E-01],
        [-1.70974E-01, -1.77194E-01],
        [-1.94168E-01, -1.67269E-01],
        [-1.83300E-01, -1.93219E-01],
        [-2.15391E-01, -1.73186E-01],
        [-2.12599E-01, -1.91951E-01],
        [-2.09599E-01, -2.09691E-01],
        [-2.28353E-01, -2.04493E-01],
        [-1.41327E-01, -2.83287E-01],
        [-2.36888E-01, -2.24885E-01],
        [-2.10473E-01, -2.62787E-01],
        [-2.16604E-01, -2.70753E-01],
        [-1.68786E-01, -3.14334E-01],
        [-1.46283E-01, -3.36405E-01],
        [-2.15855E-01, -3.08947E-01],
        [-2.49404E-01, -2.95831E-01],
        [-1.93153E-01, -3.46827E-01],
        [-2.30508E-01, -3.35476E-01],
        [-1.67320E-01, -3.82053E-01],
        [-1.30964E-01, -4.06563E-01],
        [-2.44685E-01, -3.62299E-01],
        [-2.33022E-01, -3.81734E-01],
        [-2.31748E-01, -3.94213E-01],
        [-2.40693E-01, -4.00588E-01],
        [-2.16025E-01, -4.25713E-01],
        [-2.49597E-01, -4.18684E-01],
        [-1.27514E-01, -4.80868E-01],
        [-9.20717E-02, -4.99117E-01],
        [-1.70031E-01, -4.88863E-01],
        [-1.86267E-01, -4.93667E-01],
        [-6.61360E-02, -5.33606E-01],
        [-5.89683E-02, -5.44555E-01],
        [-2.34210E-01, -5.06236E-01],
        [-1.13907E-01, -5.56297E-01],
        [-1.89381E-01, -5.45977E-01],
        [-2.70454E-02, -5.87317E-01],
        [-1.28546E-01, -5.84010E-01],
        [-2.85897E-02, -6.07368E-01],
        [-1.05960E-01, -6.08940E-01],
        [-8.96286E-03, -6.28077E-01],
        [-1.82569E-01, -6.11520E-01],
        [-1.52362E-01, -6.30081E-01],
        [3.27874E-02, -6.57474E-01],
        [-1.00837E-01, -6.60691E-01],
        [-1.86910E-01, -6.52135E-01],
        [1.09010E-02, -6.88356E-01],
        [-1.05091E-01, -6.90541E-01],
        [-2.58249E-02, -7.08072E-01],
        [6.50481E-02, -7.15643E-01],
        [6.33439E-02, -7.25885E-01],
        [-2.42711E-02, -7.38295E-01],
        [5.46490E-02, -7.46747E-01],
        [-1.26137E-01, -7.48236E-01],
        [-2.47343E-02, -7.68446E-01],
        [9.25880E-02, -7.73372E-01],
        [7.24773E-02, -7.85609E-01],
        [8.68070E-02, -7.94265E-01],
        [-2.59722E-02, -8.08628E-01],
        [-4.77257E-02, -8.17704E-01],
        [1.07083E-01, -8.22202E-01],
        [5.31503E-02, -8.37511E-01],
        [1.69590E-04, -8.49246E-01],
        [1.25571E-01, -8.50072E-01],
        [5.38484E-02, -8.67677E-01],
        [3.26332E-02, -8.78791E-01],
        [1.17552E-01, -8.81645E-01],
        [2.56236E-01, -8.62229E-01],
        [3.47549E-01, -8.40528E-01],
        [3.07739E-01, -8.66578E-01],
        [9.99390E-02, -9.24261E-01],
        [3.94418E-01, -8.52917E-01],
        [2.69704E-01, -9.10649E-01],
        [2.09263E-01, -9.36709E-01],
        [4.94061E-01, -8.34572E-01],
        [5.05440E-01, -8.39484E-01],
        [1.69248E-01, -9.75375E-01],
        [4.05856E-01, -9.13937E-01],
        [3.47173E-01, 9.37801E-01],
        [4.37601E-01, 8.87979E-01],
        [5.20137E-01, 8.30458E-01],
        [5.46058E-01, 8.01516E-01],
        [5.23023E-01, 8.04774E-01],
        [4.06798E-01, 8.58218E-01],
        [3.24383E-01, 8.81935E-01],
        [2.85933E-01, 8.84584E-01],
        [3.36573E-01, 8.55792E-01],
        [4.50849E-01, 7.89944E-01],
        [4.40644E-01, 7.84174E-01],
        [2.41802E-01, 8.55949E-01],
        [3.02890E-01, 8.25589E-01],
        [3.58610E-01, 7.91936E-01],
        [2.77654E-01, 8.13203E-01],
        [2.11835E-01, 8.22402E-01],
        [2.92786E-01, 7.86464E-01],
        [7.33155E-02, 8.25898E-01],
        [1.43485E-01, 8.06430E-01],
        [6.91843E-02, 8.06082E-01],
        [5.10271E-02, 7.97364E-01],
        [9.33692E-02, 7.83400E-01],
        [1.43253E-01, 7.65608E-01],
        [1.10543E-01, 7.60856E-01],
        [1.72576E-01, 7.38908E-01],
        [2.52288E-01, 7.04959E-01],
        [1.54667E-01, 7.22320E-01],
        [1.66963E-01, 7.09256E-01],
        [9.60850E-02, 7.12140E-01],
        [-6.98134E-02, 7.05095E-01],
        [-2.87915E-02, 6.97899E-01],
        [5.17313E-02, 6.86496E-01],
        [6.22168E-02, 6.75533E-01],
        [9.89456E-02, 6.60977E-01],
        [-6.14858E-02, 6.55414E-01],
        [1.13426E-01, 6.38241E-01],
        [-2.40521E-02, 6.37738E-01],
        [6.50251E-02, 6.24766E-01],
        [-1.15807E-01, 6.07145E-01],
        [-6.37701E-02, 6.04687E-01],
        [-8.70365E-02, 5.91622E-01],
        [-7.33474E-02, 5.83347E-01],
        [-1.75434E-02, 5.77623E-01],
        [3.40592E-02, 5.66817E-01],
        [1.22634E-02, 5.57654E-01],
        [-5.29471E-02, 5.45174E-01],
        [-1.59639E-01, 5.13443E-01],
        [-6.39791E-02, 5.23745E-01],
        [-3.37681E-02, 5.16485E-01],
        [-1.00663E-01, 4.97455E-01],
        [-1.96639E-01, 4.56976E-01],
        [-3.24449E-02, 4.86356E-01],
        [-4.25959E-02, 4.75483E-01],
        [-1.02829E-01, 4.55883E-01],
        [-1.64104E-01, 4.26827E-01],
        [-2.04231E-01, 3.97882E-01],
        [-2.09615E-01, 3.83658E-01],
        [-1.93233E-01, 3.80928E-01],
        [-1.20446E-01, 3.99316E-01],
        [-9.53040E-02, 3.95721E-01],
        [-1.85937E-01, 3.50748E-01],
        [-7.83832E-02, 3.78912E-01],
        [-1.92924E-01, 3.23763E-01],
        [-9.09914E-02, 3.55370E-01],
        [-1.98830E-01, 2.96246E-01],
        [-1.57670E-01, 3.08811E-01],
        [-1.05301E-01, 3.19793E-01],
        [-1.24513E-01, 3.01970E-01],
        [-1.98248E-01, 2.46825E-01],
        [-1.57849E-01, 2.62766E-01],
        [-1.97780E-01, 2.20873E-01],
        [-1.88545E-01, 2.15625E-01],
        [-1.46931E-01, 2.34090E-01],
        [-1.48024E-01, 2.21408E-01],
        [-1.51183E-01, 2.06939E-01],
        [-1.37938E-01, 2.03968E-01],
        [-1.44093E-01, 1.87132E-01],
        [-1.12316E-01, 1.96265E-01],
        [-1.09166E-01, 1.86476E-01],
        [-1.18452E-01, 1.68575E-01],
        [-1.28867E-01, 1.47653E-01],
        [-9.20675E-02, 1.61535E-01],
        [-1.35329E-01, 1.12337E-01],
        [-1.31811E-01, 1.00624E-01],
        [-9.94761E-02, 1.19881E-01],
        [-8.50675E-02, 1.18323E-01],
        [-7.85164E-02, 1.10652E-01],
        [-7.32295E-02, 1.02078E-01],
        [-7.33148E-02, 8.93487E-02],
        [-6.93108E-02, 7.95744E-02],
        [-6.58776E-02, 6.91091E-02],
        [-5.80282E-02, 6.26939E-02],
        [-4.71249E-02, 5.88296E-02],
        [-5.28313E-02, 3.84242E-02],
        [-4.45671E-02, 3.26994E-02],
        [-3.33230E-02, 3.05775E-02],
        [-3.14982E-02, 1.56591E-02],
        [-2.19357E-02, 1.22524E-02],
        [-1.29109E-02, 7.78299E-03],
        [-3.84910E-03, 3.23052E-03],
        [4.39072E-03, -2.44407E-03],
        [1.26538E-02, -8.19438E-03],
        [2.28361E-02, -1.04790E-02],
        [2.75316E-02, -2.18941E-02],
        [4.26911E-02, -1.49289E-02],
        [5.03421E-02, -2.28288E-02],
        [5.95674E-02, -2.68197E-02],
        [5.96181E-02, -4.61233E-02],
        [8.08419E-02, -2.76112E-02],
        [8.17168E-02, -4.93791E-02],
        [9.83714E-02, -3.81989E-02],
        [1.06196E-01, -4.56138E-02],
        [1.10297E-01, -6.01407E-02],
        [1.13560E-01, -7.42479E-02],
        [1.41948E-01, -3.29797E-02],
        [1.42858E-01, -6.21191E-02],
        [1.62278E-01, -3.41358E-02],
        [1.55785E-01, -8.16367E-02],
        [1.74146E-01, -6.51380E-02],
        [1.89725E-01, -4.91184E-02],
        [1.97661E-01, -5.81256E-02],
        [2.12548E-01, -3.89123E-02],
        [2.16177E-01, -6.63514E-02],
        [2.31028E-01, -4.90660E-02],
        [2.29820E-01, -8.83877E-02],
        [2.39150E-01, -9.21268E-02],
        [2.64338E-01, -3.25259E-02],
        [2.76381E-01, -7.37540E-04],
        [2.77052E-01, -7.27027E-02],
        [2.96477E-01, -1.84933E-03],
        [3.06322E-01, -1.13693E-02],
        [3.16581E-01, 1.03039E-03],
        [3.24770E-01, -3.48364E-02],
        [3.23229E-01, -9.42275E-02],
        [3.36672E-01, -8.29217E-02],
        [3.53613E-01, -4.74596E-02],
        [3.64304E-01, -4.30093E-02],
        [3.76501E-01, 1.70035E-02],
        [3.78510E-01, -8.03032E-02],
        [3.93680E-01, -5.11191E-02],
        [4.07021E-01, -3.34161E-03],
        [4.16821E-01, 1.48357E-02],
        [4.25079E-01, -4.18688E-02],
        [4.31713E-01, 6.89582E-02],
        [4.47236E-01, 9.58161E-05],
        [4.47314E-01, 9.49794E-02],
        [4.51225E-01, 1.21655E-01],
        [4.77289E-01, 9.69246E-03],
        [4.70922E-01, 1.25807E-01],
        [4.70311E-01, 1.62177E-01],
        [5.05349E-01, 4.70862E-02],
        [5.17451E-01, 1.19188E-02],
        [5.06423E-01, 1.48115E-01],
        [5.36488E-01, 3.59073E-02],
        [5.08855E-01, 2.02693E-01],
        [5.10584E-01, 2.24573E-01],
        [5.31377E-01, 2.00199E-01],
        [5.36325E-01, 2.15203E-01],
        [5.60451E-01, 1.77672E-01],
        [5.84031E-01, 1.28450E-01],
        [5.97501E-01, 1.12720E-01],
        [6.00080E-01, 1.48121E-01],
        [5.36569E-01, 3.26580E-01],
        [6.25530E-01, 1.26490E-01],
        [5.59561E-01, 3.27274E-01],
        [6.41370E-01, 1.48297E-01],
        [6.34390E-01, 2.10309E-01],
        [6.23175E-01, 2.68083E-01],
        [5.53022E-01, 4.10024E-01],
        [6.69613E-01, 1.98772E-01],
        [6.50866E-01, 2.80011E-01],
        [6.32924E-01, 3.40269E-01],
        [6.19925E-01, 3.82901E-01],
        [6.84899E-01, 2.76733E-01],
        [6.98676E-01, 2.69200E-01],
        [6.87010E-01, 3.22158E-01],
        [6.01343E-01, 4.79070E-01],
        [6.41250E-01, 4.42126E-01],
        [6.09407E-01, 5.01055E-01],
        [5.95898E-01, 5.32258E-01],
        [7.31288E-01, 3.46082E-01],
        [5.59674E-01, 5.98065E-01],
        [6.20731E-01, 5.49705E-01],
        [5.95481E-01, 5.91314E-01],
        [5.62712E-01, 6.36061E-01],
        [5.74915E-01, 6.38642E-01],
        [6.91633E-01, 5.26696E-01],
        [7.26614E-01, 4.95350E-01],
        [5.62193E-01, 6.89243E-01],
        [7.49901E-01, 4.96733E-01],
        [6.32099E-01, 6.54009E-01],
        [5.89788E-01, 7.05557E-01],
        [6.41951E-01, 6.72417E-01],
        [6.44122E-01, 6.84207E-01],
        [7.13510E-01, 6.26838E-01],
        [5.76829E-01, 7.67126E-01],
        [5.81363E-01, 7.76289E-01],
        [4.76179E-01, 8.56421E-01],
        [6.38537E-01, 7.56486E-01],
        [6.99225E-01, 7.14902E-01]
    ],
    "labels": [
         1,  1,  1,  1,  1,  1,  1,  1,  1,  1,  1,  1,  1,  1,  1,  1,  1,  1,  1,  1,  1,  1,  1,  1,  1,  1,  1,  1,  1,  1,  1,  1,  1,  1,  1,  1,  1,  1,  1,  1,  1,  1,  1,  1,  1,  1,  1,  1,  1,  1,  1,  1,  1,  1,  1,  1,  1,  1,  1,  1,  1,  1,  1,  1,  1,  1,  1,  1,  1,  1,  1,  1,  1,  3,  1,  1,  3,  1,  1,  1,  2,  1,  1,  2,  1,  2,  2,  2,  2,  3,  3,  3,  2,  2,  2,  2,  2,  2,  2,  2,  2,  2,  2,  2,  2,  2,  2,  2,  2,  2,  2,  2,  2,  2,  2,  2,  2,  2,  2,  2,  2,  2,  2,  2,  2,  2,  2,  2,  2,  2,  2,  2,  2,  2,  2,  2,  2,  2,  2,  2,  2,  2,  2,  2,  2,  2,  2,  2,  2,  2,  2,  2,  2,  2,  2,  2,  2,  2,  2,  2,  2,  2,  2,  2,  2,  2,  2,  2,  2,  2,  2,  2,  2,  2,  2,  2,  2,  2,  2,  2,  2,  2,  2,  2,  2,  2,  2,  2,  1,  2,  1,  2,  2,  2,  2,  1,  2,  2,  1,  1,  2,  2,  2,  2,  2,  2,  2,  2,  2,  2,  2,  2,  2,  2,  2,  2,  2,  2,  2,  2,  2,  2,  2,  2,  2,  3,  2,  2,  3,  2,  2,  3,  3,  2,  2,  2,  2,  2,  3,  3,  3,  3,  3,  3,  3,  3,  3,  3,  3,  3,  3,  3,  3,  3,  3,  3,  3,  3,  3,  3,  3,  3,  3,  3,  3,  3,  3,  3,  3,  3,  3,  3,  3,  3,  3,  3,  3,  3,  3,  3,  3,  3,  3,  3,  3,  3,  3,  3,  3,  3,  3,  3,  3,  3,  3,  3,  3,  3,  3,  3,  1,  1,  1,  1,  1,  1,  1,  1,  1,  1,  1,  1,  1,  1,  1,  1,  1,  1,  1,  1,  1,  1,  1,  1,  1,  1,  1,  1,  1,  1,  1,  1,  1,  1,  1,  1,  1,  1,  1,  1,  1,  1,  3,  1,  1,  1,  1,  1,  1,  2,  2,  1,  1,  2,  2,  1,  2,  1,  2,  2,  2,  2,  2,  3,  2,  2,  2,  3,  2,  2,  2,  2,  2,  2,  2,  2,  2,  2,  2,  2,  2,  2,  2,  2,  2,  2,  2,  2,  2,  2,  2,  2,  2,  2,  2,  2,  2,  2,  2,  2,  2,  3,  3,  3,  3,  3,  2,  2,  2,  3,  3,  2,  2,  3,  2,  2,  2,  2,  2,  2,  2,  2,  2,  2,  2,  2,  2,  2,  2,  2,  2,  2,  2,  2,  2,  2,  2,  2,  2,  2,  2,  2,  2,  2,  2,  2,  2,  2,  2,  2,  2,  2,  2,  2,  2,  2,  2,  2,  2,  2,  2,  2,  2,  2,  2,  2,  2,  2,  2,  2,  2,  2,  2,  2,  2,  2,  2,  2,  2,  2,  2,  2,  2,  2,  2,  2,  2,  2,  2,  2,  2,  2,  2,  2,  2,  2,  2,  2,  2,  2,  3,  2,  3,  2,  3,  3,  3,  2,  3,  3,  3,  3,  3,  2,  3,  3,  3,  3,  3,  3,  3,  3,  3,  3,  3,  3,  3,  3,  3,  3,  3,  3,  3,  3,  3,  3,  3,  3,  3,  3,  3,  3,  3,  3,  3,  3,  3,  3,  3,  3,  3,  3,  3,  3,  3,  3,  3,  3,  3,  3,  3,  3,  3,  3,  3,  3,  3,  3,  3,  3,  3,  3,  3,  3,  3,  3,  3,  3,  3,  3,  3,  3,  3,  3,  3,  3,  3,  3,  3,  3,  3,  3,  3,  3,  3,  3,  3,  3,  3,  3
    ],
    "predictions": [
        [3.33461E-01, 3.33433E-01, 3.33107E-01],
        [3.33461E-01, 3.33429E-01, 3.33111E-01],
        [3.33474E-01, 3.33370E-01, 3.33156E-01],
        [3.33473E-01, 3.33362E-01, 3.33165E-01],
        [3.33457E-01, 3.33424E-01, 3.33118E-01],
        [3.33460E-01, 3.33412E-01, 3.33128E-01],
        [3.33453E-01, 3.33430E-01, 3.33117E-01],
        [3.33459E-01, 3.33404E-01, 3.33137E-01],
        [3.33456E-01, 3.33407E-01, 3.33136E-01],
        [3.33458E-01, 3.33397E-01, 3.33145E-01],
        [3.33458E-01, 3.33391E-01, 3.33151E-01],
        [3.33452E-01, 3.33405E-01, 3.33142E-01],
        [3.33459E-01, 3.33349E-01, 3.33191E-01],
        [3.33456E-01, 3.33376E-01, 3.33168E-01],
        [3.33451E-01, 3.33395E-01, 3.33154E-01],
        [3.33450E-01, 3.33392E-01, 3.33158E-01],
        [3.33454E-01, 3.33349E-01, 3.33197E-01],
        [3.33447E-01, 3.33389E-01, 3.33164E-01],
        [3.33450E-01, 3.33347E-01, 3.33203E-01],
        [3.33437E-01, 3.33330E-01, 3.33232E-01],
        [3.33449E-01, 3.33357E-01, 3.33194E-01],
        [3.33432E-01, 3.33327E-01, 3.33241E-01],
        [3.33443E-01, 3.33344E-01, 3.33213E-01],
        [3.33442E-01, 3.33368E-01, 3.33190E-01],
        [3.33422E-01, 3.33318E-01, 3.33260E-01],
        [3.33442E-01, 3.33350E-01, 3.33208E-01],
        [3.33418E-01, 3.33313E-01, 3.33268E-01],
        [3.33427E-01, 3.33331E-01, 3.33241E-01],
        [3.33421E-01, 3.33324E-01, 3.33255E-01],
        [3.33421E-01, 3.33326E-01, 3.33254E-01],
        [3.33428E-01, 3.33337E-01, 3.33235E-01],
        [3.33408E-01, 3.33307E-01, 3.33284E-01],
        [3.33409E-01, 3.33311E-01, 3.33281E-01],
        [3.33408E-01, 3.33311E-01, 3.33282E-01],
        [3.33419E-01, 3.33332E-01, 3.33249E-01],
        [3.33404E-01, 3.33309E-01, 3.33287E-01],
        [3.33402E-01, 3.33309E-01, 3.33289E-01],
        [3.33416E-01, 3.33334E-01, 3.33249E-01],
        [3.33405E-01, 3.33317E-01, 3.33277E-01],
        [3.33398E-01, 3.33309E-01, 3.33292E-01],
        [3.33392E-01, 3.33307E-01, 3.33302E-01],
        [3.33386E-01, 3.33305E-01, 3.33309E-01],
        [3.33398E-01, 3.33315E-01, 3.33287E-01],
        [3.33390E-01, 3.33309E-01, 3.33301E-01],
        [3.33396E-01, 3.33315E-01, 3.33289E-01],
        [3.33393E-01, 3.33312E-01, 3.33295E-01],
        [3.33387E-01, 3.33310E-01, 3.33302E-01],
        [3.33394E-01, 3.33319E-01, 3.33286E-01],
        [3.33383E-01, 3.33310E-01, 3.33308E-01],
        [3.33379E-01, 3.33309E-01, 3.33312E-01],
        [3.33378E-01, 3.33309E-01, 3.33313E-01],
        [3.33376E-01, 3.33310E-01, 3.33315E-01],
        [3.33369E-01, 3.33309E-01, 3.33322E-01],
        [3.33383E-01, 3.33315E-01, 3.33302E-01],
        [3.33378E-01, 3.33313E-01, 3.33310E-01],
        [3.33379E-01, 3.33315E-01, 3.33306E-01],
        [3.33374E-01, 3.33313E-01, 3.33313E-01],
        [3.33365E-01, 3.33312E-01, 3.33323E-01],
        [3.33355E-01, 3.33314E-01, 3.33331E-01],
        [3.33354E-01, 3.33314E-01, 3.33331E-01],
        [3.33359E-01, 3.33313E-01, 3.33328E-01],
        [3.33370E-01, 3.33315E-01, 3.33315E-01],
        [3.33351E-01, 3.33317E-01, 3.33332E-01],
        [3.33346E-01, 3.33321E-01, 3.33333E-01],
        [3.33365E-01, 3.33316E-01, 3.33318E-01],
        [3.33351E-01, 3.33317E-01, 3.33332E-01],
        [3.33338E-01, 3.33327E-01, 3.33335E-01],
        [3.33359E-01, 3.33317E-01, 3.33324E-01],
        [3.33346E-01, 3.33321E-01, 3.33333E-01],
        [3.33357E-01, 3.33318E-01, 3.33325E-01],
        [3.33351E-01, 3.33318E-01, 3.33331E-01],
        [3.33355E-01, 3.33319E-01, 3.33326E-01],
        [3.33344E-01, 3.33323E-01, 3.33333E-01],
        [3.33333E-01, 3.33333E-01, 3.33334E-01],
        [3.33335E-01, 3.33330E-01, 3.33334E-01],
        [3.33343E-01, 3.33324E-01, 3.33333E-01],
        [3.33334E-01, 3.33332E-01, 3.33334E-01],
        [3.33338E-01, 3.33328E-01, 3.33334E-01],
        [3.33335E-01, 3.33331E-01, 3.33334E-01],
        [3.33343E-01, 3.33324E-01, 3.33333E-01],
        [3.33332E-01, 3.33334E-01, 3.33334E-01],
        [3.33339E-01, 3.33327E-01, 3.33333E-01],
        [3.33338E-01, 3.33329E-01, 3.33334E-01],
        [3.33332E-01, 3.33334E-01, 3.33334E-01],
        [3.33336E-01, 3.33330E-01, 3.33334E-01],
        [3.33333E-01, 3.33334E-01, 3.33334E-01],
        [3.33331E-01, 3.33335E-01, 3.33334E-01],
        [3.33332E-01, 3.33334E-01, 3.33334E-01],
        [3.33330E-01, 3.33335E-01, 3.33334E-01],
        [3.33333E-01, 3.33333E-01, 3.33334E-01],
        [3.33333E-01, 3.33333E-01, 3.33334E-01],
        [3.33333E-01, 3.33333E-01, 3.33334E-01],
        [3.33333E-01, 3.33334E-01, 3.33333E-01],
        [3.33333E-01, 3.33334E-01, 3.33333E-01],
        [3.33332E-01, 3.33334E-01, 3.33334E-01],
        [3.33331E-01, 3.33335E-01, 3.33334E-01],
        [3.33331E-01, 3.33335E-01, 3.33334E-01],
        [3.33333E-01, 3.33334E-01, 3.33333E-01],
        [3.33333E-01, 3.33334E-01, 3.33333E-01],
        [3.33333E-01, 3.33333E-01, 3.33333E-01],
        [3.33332E-01, 3.33335E-01, 3.33334E-01],
        [3.33328E-01, 3.33337E-01, 3.33335E-01],
        [3.33327E-01, 3.33340E-01, 3.33333E-01],
        [3.33324E-01, 3.33342E-01, 3.33334E-01],
        [3.33322E-01, 3.33345E-01, 3.33333E-01],
        [3.33321E-01, 3.33347E-01, 3.33332E-01],
        [3.33320E-01, 3.33350E-01, 3.33330E-01],
        [3.33313E-01, 3.33352E-01, 3.33335E-01],
        [3.33308E-01, 3.33353E-01, 3.33339E-01],
        [3.33313E-01, 3.33358E-01, 3.33329E-01],
        [3.33308E-01, 3.33360E-01, 3.33332E-01],
        [3.33302E-01, 3.33362E-01, 3.33337E-01],
        [3.33303E-01, 3.33365E-01, 3.33332E-01],
        [3.33295E-01, 3.33366E-01, 3.33339E-01],
        [3.33292E-01, 3.33368E-01, 3.33340E-01],
        [3.33301E-01, 3.33374E-01, 3.33325E-01],
        [3.33291E-01, 3.33375E-01, 3.33334E-01],
        [3.33286E-01, 3.33377E-01, 3.33338E-01],
        [3.33283E-01, 3.33379E-01, 3.33338E-01],
        [3.33290E-01, 3.33384E-01, 3.33326E-01],
        [3.33282E-01, 3.33385E-01, 3.33333E-01],
        [3.33281E-01, 3.33388E-01, 3.33331E-01],
        [3.33293E-01, 3.33392E-01, 3.33316E-01],
        [3.33305E-01, 3.33393E-01, 3.33302E-01],
        [3.33276E-01, 3.33396E-01, 3.33328E-01],
        [3.33282E-01, 3.33400E-01, 3.33318E-01],
        [3.33278E-01, 3.33402E-01, 3.33320E-01],
        [3.33274E-01, 3.33404E-01, 3.33322E-01],
        [3.33268E-01, 3.33407E-01, 3.33325E-01],
        [3.33267E-01, 3.33409E-01, 3.33324E-01],
        [3.33295E-01, 3.33411E-01, 3.33295E-01],
        [3.33280E-01, 3.33415E-01, 3.33305E-01],
        [3.33264E-01, 3.33418E-01, 3.33318E-01],
        [3.33277E-01, 3.33420E-01, 3.33302E-01],
        [3.33299E-01, 3.33419E-01, 3.33282E-01],
        [3.33277E-01, 3.33425E-01, 3.33298E-01],
        [3.33319E-01, 3.33418E-01, 3.33263E-01],
        [3.33305E-01, 3.33424E-01, 3.33271E-01],
        [3.33271E-01, 3.33433E-01, 3.33296E-01],
        [3.33320E-01, 3.33424E-01, 3.33255E-01],
        [3.33301E-01, 3.33431E-01, 3.33268E-01],
        [3.33331E-01, 3.33427E-01, 3.33242E-01],
        [3.33268E-01, 3.33443E-01, 3.33289E-01],
        [3.33327E-01, 3.33432E-01, 3.33241E-01],
        [3.33295E-01, 3.33442E-01, 3.33263E-01],
        [3.33332E-01, 3.33435E-01, 3.33232E-01],
        [3.33310E-01, 3.33442E-01, 3.33248E-01],
        [3.33277E-01, 3.33453E-01, 3.33270E-01],
        [3.33327E-01, 3.33443E-01, 3.33229E-01],
        [3.33310E-01, 3.33449E-01, 3.33241E-01],
        [3.33350E-01, 3.33442E-01, 3.33208E-01],
        [3.33312E-01, 3.33453E-01, 3.33235E-01],
        [3.33344E-01, 3.33448E-01, 3.33208E-01],
        [3.33333E-01, 3.33453E-01, 3.33214E-01],
        [3.33352E-01, 3.33450E-01, 3.33198E-01],
        [3.33312E-01, 3.33462E-01, 3.33226E-01],
        [3.33329E-01, 3.33461E-01, 3.33210E-01],
        [3.33367E-01, 3.33450E-01, 3.33183E-01],
        [3.33310E-01, 3.33469E-01, 3.33221E-01],
        [3.33364E-01, 3.33458E-01, 3.33179E-01],
        [3.33323E-01, 3.33471E-01, 3.33206E-01],
        [3.33378E-01, 3.33450E-01, 3.33172E-01],
        [3.33320E-01, 3.33476E-01, 3.33204E-01],
        [3.33373E-01, 3.33460E-01, 3.33167E-01],
        [3.33358E-01, 3.33471E-01, 3.33171E-01],
        [3.33384E-01, 3.33455E-01, 3.33161E-01],
        [3.33355E-01, 3.33476E-01, 3.33169E-01],
        [3.33336E-01, 3.33483E-01, 3.33181E-01],
        [3.33345E-01, 3.33483E-01, 3.33171E-01],
        [3.33375E-01, 3.33473E-01, 3.33152E-01],
        [3.33344E-01, 3.33488E-01, 3.33168E-01],
        [3.33400E-01, 3.33453E-01, 3.33147E-01],
        [3.33394E-01, 3.33463E-01, 3.33143E-01],
        [3.33388E-01, 3.33472E-01, 3.33140E-01],
        [3.33402E-01, 3.33459E-01, 3.33139E-01],
        [3.33386E-01, 3.33479E-01, 3.33135E-01],
        [3.33416E-01, 3.33446E-01, 3.33138E-01],
        [3.33395E-01, 3.33476E-01, 3.33130E-01],
        [3.33403E-01, 3.33470E-01, 3.33127E-01],
        [3.33388E-01, 3.33488E-01, 3.33125E-01],
        [3.33428E-01, 3.33441E-01, 3.33131E-01],
        [3.33425E-01, 3.33449E-01, 3.33126E-01],
        [3.33418E-01, 3.33462E-01, 3.33121E-01],
        [3.33402E-01, 3.33484E-01, 3.33114E-01],
        [3.33415E-01, 3.33471E-01, 3.33114E-01],
        [3.33410E-01, 3.33480E-01, 3.33110E-01],
        [3.33414E-01, 3.33478E-01, 3.33108E-01],
        [3.33425E-01, 3.33467E-01, 3.33108E-01],
        [3.33447E-01, 3.33430E-01, 3.33123E-01],
        [3.33436E-01, 3.33456E-01, 3.33108E-01],
        [3.33445E-01, 3.33444E-01, 3.33110E-01],
        [3.33413E-01, 3.33494E-01, 3.33093E-01],
        [3.33432E-01, 3.33471E-01, 3.33096E-01],
        [3.33432E-01, 3.33474E-01, 3.33094E-01],
        [3.33442E-01, 3.33463E-01, 3.33095E-01],
        [3.33456E-01, 3.33434E-01, 3.33111E-01],
        [3.33441E-01, 3.33471E-01, 3.33088E-01],
        [3.33434E-01, 3.33483E-01, 3.33082E-01],
        [3.33460E-01, 3.33429E-01, 3.33110E-01],
        [3.33461E-01, 3.33440E-01, 3.33099E-01],
        [3.33225E-01, 3.33394E-01, 3.33381E-01],
        [3.33219E-01, 3.33397E-01, 3.33384E-01],
        [3.33223E-01, 3.33395E-01, 3.33382E-01],
        [3.33226E-01, 3.33393E-01, 3.33381E-01],
        [3.33224E-01, 3.33394E-01, 3.33382E-01],
        [3.33202E-01, 3.33405E-01, 3.33393E-01],
        [3.33227E-01, 3.33393E-01, 3.33380E-01],
        [3.33211E-01, 3.33401E-01, 3.33387E-01],
        [3.33227E-01, 3.33392E-01, 3.33381E-01],
        [3.33199E-01, 3.33407E-01, 3.33394E-01],
        [3.33211E-01, 3.33400E-01, 3.33388E-01],
        [3.33233E-01, 3.33390E-01, 3.33377E-01],
        [3.33205E-01, 3.33404E-01, 3.33391E-01],
        [3.33235E-01, 3.33388E-01, 3.33376E-01],
        [3.33205E-01, 3.33404E-01, 3.33391E-01],
        [3.33237E-01, 3.33387E-01, 3.33376E-01],
        [3.33198E-01, 3.33408E-01, 3.33394E-01],
        [3.33206E-01, 3.33403E-01, 3.33390E-01],
        [3.33198E-01, 3.33407E-01, 3.33395E-01],
        [3.33226E-01, 3.33393E-01, 3.33381E-01],
        [3.33221E-01, 3.33395E-01, 3.33384E-01],
        [3.33221E-01, 3.33395E-01, 3.33384E-01],
        [3.33234E-01, 3.33389E-01, 3.33377E-01],
        [3.33227E-01, 3.33392E-01, 3.33382E-01],
        [3.33221E-01, 3.33395E-01, 3.33384E-01],
        [3.33182E-01, 3.33402E-01, 3.33416E-01],
        [3.33237E-01, 3.33387E-01, 3.33376E-01],
        [3.33236E-01, 3.33387E-01, 3.33377E-01],
        [3.33195E-01, 3.33398E-01, 3.33407E-01],
        [3.33227E-01, 3.33392E-01, 3.33381E-01],
        [3.33223E-01, 3.33394E-01, 3.33383E-01],
        [3.33184E-01, 3.33398E-01, 3.33419E-01],
        [3.33194E-01, 3.33396E-01, 3.33410E-01],
        [3.33214E-01, 3.33393E-01, 3.33393E-01],
        [3.33229E-01, 3.33391E-01, 3.33380E-01],
        [3.33234E-01, 3.33388E-01, 3.33378E-01],
        [3.33225E-01, 3.33391E-01, 3.33384E-01],
        [3.33223E-01, 3.33390E-01, 3.33387E-01],
        [3.33207E-01, 3.33390E-01, 3.33402E-01],
        [3.33198E-01, 3.33390E-01, 3.33411E-01],
        [3.33211E-01, 3.33389E-01, 3.33401E-01],
        [3.33212E-01, 3.33388E-01, 3.33400E-01],
        [3.33201E-01, 3.33388E-01, 3.33411E-01],
        [3.33215E-01, 3.33386E-01, 3.33399E-01],
        [3.33223E-01, 3.33384E-01, 3.33393E-01],
        [3.33215E-01, 3.33384E-01, 3.33401E-01],
        [3.33196E-01, 3.33384E-01, 3.33420E-01],
        [3.33211E-01, 3.33383E-01, 3.33406E-01],
        [3.33208E-01, 3.33382E-01, 3.33410E-01],
        [3.33230E-01, 3.33380E-01, 3.33390E-01],
        [3.33209E-01, 3.33380E-01, 3.33411E-01],
        [3.33200E-01, 3.33379E-01, 3.33421E-01],
        [3.33230E-01, 3.33378E-01, 3.33392E-01],
        [3.33233E-01, 3.33377E-01, 3.33390E-01],
        [3.33232E-01, 3.33376E-01, 3.33392E-01],
        [3.33216E-01, 3.33375E-01, 3.33410E-01],
        [3.33233E-01, 3.33374E-01, 3.33393E-01],
        [3.33220E-01, 3.33373E-01, 3.33407E-01],
        [3.33234E-01, 3.33372E-01, 3.33393E-01],
        [3.33221E-01, 3.33371E-01, 3.33407E-01],
        [3.33212E-01, 3.33372E-01, 3.33416E-01],
        [3.33236E-01, 3.33370E-01, 3.33395E-01],
        [3.33241E-01, 3.33369E-01, 3.33390E-01],
        [3.33244E-01, 3.33368E-01, 3.33389E-01],
        [3.33230E-01, 3.33368E-01, 3.33402E-01],
        [3.33222E-01, 3.33366E-01, 3.33412E-01],
        [3.33231E-01, 3.33366E-01, 3.33403E-01],
        [3.33231E-01, 3.33365E-01, 3.33405E-01],
        [3.33242E-01, 3.33364E-01, 3.33394E-01],
        [3.33234E-01, 3.33362E-01, 3.33404E-01],
        [3.33237E-01, 3.33360E-01, 3.33403E-01],
        [3.33241E-01, 3.33360E-01, 3.33399E-01],
        [3.33245E-01, 3.33359E-01, 3.33396E-01],
        [3.33253E-01, 3.33359E-01, 3.33387E-01],
        [3.33251E-01, 3.33357E-01, 3.33392E-01],
        [3.33264E-01, 3.33357E-01, 3.33379E-01],
        [3.33264E-01, 3.33356E-01, 3.33380E-01],
        [3.33257E-01, 3.33354E-01, 3.33390E-01],
        [3.33266E-01, 3.33354E-01, 3.33379E-01],
        [3.33272E-01, 3.33354E-01, 3.33375E-01],
        [3.33268E-01, 3.33351E-01, 3.33381E-01],
        [3.33274E-01, 3.33351E-01, 3.33375E-01],
        [3.33273E-01, 3.33349E-01, 3.33378E-01],
        [3.33275E-01, 3.33349E-01, 3.33376E-01],
        [3.33278E-01, 3.33348E-01, 3.33374E-01],
        [3.33285E-01, 3.33346E-01, 3.33368E-01],
        [3.33284E-01, 3.33346E-01, 3.33370E-01],
        [3.33288E-01, 3.33345E-01, 3.33367E-01],
        [3.33294E-01, 3.33344E-01, 3.33362E-01],
        [3.33295E-01, 3.33344E-01, 3.33362E-01],
        [3.33299E-01, 3.33342E-01, 3.33358E-01],
        [3.33305E-01, 3.33341E-01, 3.33354E-01],
        [3.33308E-01, 3.33340E-01, 3.33352E-01],
        [3.33311E-01, 3.33339E-01, 3.33349E-01],
        [3.33315E-01, 3.33338E-01, 3.33347E-01],
        [3.33318E-01, 3.33337E-01, 3.33345E-01],
        [3.33321E-01, 3.33337E-01, 3.33343E-01],
        [3.33325E-01, 3.33336E-01, 3.33340E-01],
        [3.33328E-01, 3.33335E-01, 3.33337E-01],
        [3.33332E-01, 3.33334E-01, 3.33335E-01],
        [3.33334E-01, 3.33333E-01, 3.33333E-01],
        [3.33335E-01, 3.33333E-01, 3.33331E-01],
        [3.33336E-01, 3.33332E-01, 3.33332E-01],
        [3.33337E-01, 3.33332E-01, 3.33331E-01],
        [3.33339E-01, 3.33333E-01, 3.33328E-01],
        [3.33340E-01, 3.33333E-01, 3.33327E-01],
        [3.33341E-01, 3.33332E-01, 3.33326E-01],
        [3.33342E-01, 3.33332E-01, 3.33325E-01],
        [3.33343E-01, 3.33330E-01, 3.33327E-01],
        [3.33344E-01, 3.33330E-01, 3.33327E-01],
        [3.33344E-01, 3.33329E-01, 3.33328E-01],
        [3.33347E-01, 3.33332E-01, 3.33321E-01],
